,RegionName,time,population,land_area,household_income
0,89102,2005,31083,5.36,57348.57
1,89102,2006,33385,5.36,54629.11
2,89102,2007,38246,5.36,47277.94
3,89102,2008,38288,5.36,42575.55
4,89102,2009,40822,5.36,40179.79
5,89102,2010,39845,5.36,37814.33
6,89102,2011,39686,5.36,37619.09
7,89102,2012,36940,5.36,43229.54
8,89102,2013,37530,5.36,38687.36
9,89102,2014,36510,5.36,40459.17
10,89102,2015,35650,5.36,41523.18
11,89102,2016,32960,5.36,45141.76
12,89102,2017,32080,5.36,47033.0
13,89102,2018,30170,5.36,47827.11
0,89103,2005,37853,6.7,43935.59
1,89103,2006,39537,6.7,40859.23
2,89103,2007,44488,6.7,40167.42
3,89103,2008,43939,6.7,40082.57
4,89103,2009,47829,6.7,36621.21
5,89103,2010,48395,6.7,40938.77
6,89103,2011,47510,6.7,37506.65
7,89103,2012,46130,6.7,41778.28
8,89103,2013,46050,6.7,47543.48
9,89103,2014,45970,6.7,44659.16
10,89103,2015,45530,6.7,48117.44
11,89103,2016,43890,6.7,43063.17
12,89103,2017,42850,6.7,44455.67
13,89103,2018,41720,6.7,47490.02
0,89104,2005,36505,5.68,36208.24
1,89104,2006,38456,5.68,35031.94
2,89104,2007,42370,5.68,31082.64
3,89104,2008,41517,5.68,33044.74
4,89104,2009,45285,5.68,30161.45
5,89104,2010,44811,5.68,30070.69
6,89104,2011,43550,5.68,30600.41
7,89104,2012,41080,5.68,30506.52
8,89104,2013,40150,5.68,31005.22
9,89104,2014,39300,5.68,31444.99
10,89104,2015,39760,5.68,32439.63
11,89104,2016,38130,5.68,32598.06
12,89104,2017,37580,5.68,33365.21
13,89104,2018,35870,5.68,35118.3
0,89107,2005,32025,5.46,61450.34
1,89107,2006,34159,5.46,59422.1
2,89107,2007,37442,5.46,48864.01
3,89107,2008,36227,5.46,50450.51
4,89107,2009,38439,5.46,44457.0
5,89107,2010,37910,5.46,44028.46
6,89107,2011,37546,5.46,41214.52
7,89107,2012,36900,5.46,48971.97
8,89107,2013,36530,5.46,46128.38
9,89107,2014,36480,5.46,47507.27
10,89107,2015,37120,5.46,53645.31
11,89107,2016,36510,5.46,53380.56
12,89107,2017,36410,5.46,54558.74
13,89107,2018,34920,5.46,53202.83
0,89108,2005,57746,8.99,38994.35
1,89108,2006,60047,8.99,39724.02
2,89108,2007,65522,8.99,38456.08
3,89108,2008,64578,8.99,38342.96
4,89108,2009,68115,8.99,35954.54
5,89108,2010,67767,8.99,59381.27
6,89108,2011,66904,8.99,34220.44
7,89108,2012,64940,8.99,34328.42
8,89108,2013,66150,8.99,34286.76
9,89108,2014,66100,8.99,34961.99
10,89108,2015,67320,8.99,35490.82
11,89108,2016,65220,8.99,35997.76
12,89108,2017,65050,8.99,37326.92
13,89108,2018,63140,8.99,39481.14
0,89109,2005,17766,4.43,119665.37
1,89109,2006,7068,4.43,234360.84
2,89109,2007,6920,4.43,324318.84
3,89109,2008,6551,4.43,233228.92
4,89109,2009,6624,4.43,305445.98
5,89109,2010,6541,4.43,343555.35
6,89109,2011,6657,4.43,151701.75
7,89109,2012,6650,4.43,303242.93
8,89109,2013,6440,4.43,252844.62
9,89109,2014,6280,4.43,224785.21
10,89109,2015,6310,4.43,250287.4
11,89109,2016,5980,4.43,194343.7
12,89109,2017,5750,4.43,355316.47
13,89109,2018,5330,4.43,265252.65
0,89110,2005,66087,11.11,38495.32
1,89110,2006,68899,11.11,39191.47
2,89110,2007,73402,11.11,37584.11
3,89110,2008,73973,11.11,38972.31
4,89110,2009,77600,11.11,36307.2
5,89110,2010,76260,11.11,34802.22
6,89110,2011,76139,11.11,34779.76
7,89110,2012,72820,11.11,35113.11
8,89110,2013,72160,11.11,35008.91
9,89110,2014,73410,11.11,35716.95
10,89110,2015,73120,11.11,36684.61
11,89110,2016,71010,11.11,36960.54
12,89110,2017,70830,11.11,38415.59
13,89110,2018,67930,11.11,39934.03
0,89113,2005,16893,11.14,143331.96
1,89113,2006,18102,11.14,110914.08
2,89113,2007,19761,11.14,106866.98
3,89113,2008,20015,11.14,92638.6
4,89113,2009,20351,11.14,88129.81
5,89113,2010,21593,11.14,80488.43
6,89113,2011,22419,11.14,72483.25
7,89113,2012,22580,11.14,93391.35
8,89113,2013,22790,11.14,72722.62
9,89113,2014,23800,11.14,88793.27
10,89113,2015,24960,11.14,91883.56
11,89113,2016,27780,11.14,79471.69
12,89113,2017,29460,11.14,78488.74
13,89113,2018,30160,11.14,90781.16
0,89115,2005,48204,25.01,32076.89
1,89115,2006,53704,25.01,31412.33
2,89115,2007,56723,25.01,30377.46
3,89115,2008,56557,25.01,31216.8
4,89115,2009,59082,25.01,29064.54
5,89115,2010,58217,25.01,28024.27
6,89115,2011,57748,25.01,27952.32
7,89115,2012,56060,25.01,28358.57
8,89115,2013,57220,25.01,28575.42
9,89115,2014,58290,25.01,29169.34
10,89115,2015,59290,25.01,29561.77
11,89115,2016,56880,25.01,30145.65
12,89115,2017,56230,25.01,31236.52
13,89115,2018,55230,25.01,33098.42
0,89117,2005,47465,9.12,93495.37
1,89117,2006,46276,9.12,93688.03
2,89117,2007,48780,9.12,88809.75
3,89117,2008,47545,9.12,81059.49
4,89117,2009,48805,9.12,69825.28
5,89117,2010,49515,9.12,70354.54
6,89117,2011,49147,9.12,68957.36
7,89117,2012,48800,9.12,72523.44
8,89117,2013,48650,9.12,72495.27
9,89117,2014,49040,9.12,77505.49
10,89117,2015,49230,9.12,80352.7
11,89117,2016,48410,9.12,80118.19
12,89117,2017,48380,9.12,84034.51
13,89117,2018,48630,9.12,96066.15
0,89118,2005,14870,10.58,61189.88
1,89118,2006,15297,10.58,66644.84
2,89118,2007,16774,10.58,60031.01
3,89118,2008,16250,10.58,55213.45
4,89118,2009,17126,10.58,49934.76
5,89118,2010,17216,10.58,47374.96
6,89118,2011,17653,10.58,49010.24
7,89118,2012,17600,10.58,54782.82
8,89118,2013,17640,10.58,50633.4
9,89118,2014,17780,10.58,52813.74
10,89118,2015,17700,10.58,54058.97
11,89118,2016,17940,10.58,55365.86
12,89118,2017,18680,10.58,60294.12
13,89118,2018,18830,10.58,61340.34
0,89119,2005,37290,12.93,50889.48
1,89119,2006,38502,12.93,45877.14
2,89119,2007,42813,12.93,41583.95
3,89119,2008,42367,12.93,38624.45
4,89119,2009,47869,12.93,32731.96
5,89119,2010,47708,12.93,33274.02
6,89119,2011,46457,12.93,33912.47
7,89119,2012,42550,12.93,38880.87
8,89119,2013,43010,12.93,35019.39
9,89119,2014,43540,12.93,35015.67
10,89119,2015,42960,12.93,36492.49
11,89119,2016,41180,12.93,37977.82
12,89119,2017,39410,12.93,41174.99
13,89119,2018,37200,12.93,42111.72
0,89120,2005,20474,6.96,71479.66
1,89120,2006,20395,6.96,77992.87
2,89120,2007,21916,6.96,71749.95
3,89120,2008,21230,6.96,67545.7
4,89120,2009,21791,6.96,61383.85
5,89120,2010,21758,6.96,54415.62
6,89120,2011,21796,6.96,53393.07
7,89120,2012,21390,6.96,59237.97
8,89120,2013,21580,6.96,52905.71
9,89120,2014,21870,6.96,64171.19
10,89120,2015,21840,6.96,65194.09
11,89120,2016,21410,6.96,65204.25
12,89120,2017,21660,6.96,63628.97
13,89120,2018,21520,6.96,64461.37
0,89121,2005,53366,9.2,40969.56
1,89121,2006,54255,9.2,42153.6
2,89121,2007,59203,9.2,41075.53
3,89121,2008,57478,9.2,39495.88
4,89121,2009,60418,9.2,37932.75
5,89121,2010,60042,9.2,36170.28
6,89121,2011,60015,9.2,36179.62
7,89121,2012,56900,9.2,36324.27
8,89121,2013,56880,9.2,36307.89
9,89121,2014,57710,9.2,37166.53
10,89121,2015,58480,9.2,36784.89
11,89121,2016,57900,9.2,37069.07
12,89121,2017,58280,9.2,38298.11
13,89121,2018,56950,9.2,39821.0
0,89122,2005,32581,9.08,38939.76
1,89122,2006,35678,9.08,38397.77
2,89122,2007,40915,9.08,36974.53
3,89122,2008,40188,9.08,38746.99
4,89122,2009,42129,9.08,36744.89
5,89122,2010,43214,9.08,35976.33
6,89122,2011,43717,9.08,35670.82
7,89122,2012,43880,9.08,36491.8
8,89122,2013,43660,9.08,36933.02
9,89122,2014,44470,9.08,37461.61
10,89122,2015,45370,9.08,37913.47
11,89122,2016,45840,9.08,38132.02
12,89122,2017,46360,9.08,38888.67
13,89122,2018,46290,9.08,40139.95
0,89123,2005,57955,10.66,57116.21
1,89123,2006,45695,10.66,57711.1
2,89123,2007,48534,10.66,58718.03
3,89123,2008,47064,10.66,56571.25
4,89123,2009,48602,10.66,53180.98
5,89123,2010,48967,10.66,53233.31
6,89123,2011,49904,10.66,52567.52
7,89123,2012,49410,10.66,55595.01
8,89123,2013,49010,10.66,55718.18
9,89123,2014,48960,10.66,59259.49
10,89123,2015,49450,10.66,60512.78
11,89123,2016,49060,10.66,59703.93
12,89123,2017,49400,10.66,63766.95
13,89123,2018,49310,10.66,66113.31
0,89124,2005,1171,1362.16,99892.91
1,89124,2006,1043,1362.16,82215.17
2,89124,2007,808,1362.16,72689.17
3,89124,2008,748,1362.16,86538.41
4,89124,2009,725,1362.16,71057.89
5,89124,2010,703,1362.16,67186.22
6,89124,2011,658,1362.16,64619.3
7,89124,2012,580,1362.16,69475.76
8,89124,2013,580,1362.16,67647.06
9,89124,2014,520,1362.16,76120.69
10,89124,2015,560,1362.16,79906.67
11,89124,2016,540,1362.16,83275.86
12,89124,2017,570,1362.16,85946.67
13,89124,2018,600,1362.16,95800.0
0,89128,2005,31693,6.0,57089.32
1,89128,2006,31174,6.0,57725.31
2,89128,2007,33079,6.0,56693.46
3,89128,2008,32250,6.0,53701.02
4,89128,2009,33512,6.0,54594.68
5,89128,2010,33862,6.0,49365.72
6,89128,2011,33679,6.0,51958.26
7,89128,2012,32630,6.0,52869.83
8,89128,2013,32540,6.0,51284.42
9,89128,2014,33140,6.0,52395.29
10,89128,2015,33330,6.0,55953.31
11,89128,2016,32020,6.0,53931.71
12,89128,2017,32190,6.0,60565.65
13,89128,2018,32270,6.0,58391.24
0,89129,2005,43446,10.01,66404.43
1,89129,2006,43277,10.01,67358.09
2,89129,2007,45499,10.01,67932.35
3,89129,2008,44764,10.01,63727.17
4,89129,2009,45561,10.01,60633.68
5,89129,2010,45698,10.01,59070.54
6,89129,2011,45838,10.01,56537.3
7,89129,2012,45890,10.01,59128.17
8,89129,2013,46580,10.01,60622.88
9,89129,2014,46900,10.01,62519.46
10,89129,2015,47690,10.01,62961.39
11,89129,2016,47430,10.01,64059.58
12,89129,2017,47700,10.01,68723.89
13,89129,2018,47930,10.01,70990.92
0,89130,2005,28724,7.65,54501.61
1,89130,2006,28418,7.65,57303.98
2,89130,2007,30108,7.65,55569.08
3,89130,2008,29588,7.65,56076.63
4,89130,2009,30067,7.65,54829.09
5,89130,2010,29789,7.65,53739.08
6,89130,2011,29758,7.65,52914.33
7,89130,2012,29380,7.65,53591.27
8,89130,2013,29560,7.65,53596.54
9,89130,2014,30050,7.65,55854.01
10,89130,2015,30510,7.65,57138.79
11,89130,2016,30490,7.65,57122.8
12,89130,2017,30690,7.65,59779.85
13,89130,2018,30870,7.65,61271.33
0,89131,2005,35132,16.03,79299.39
1,89131,2006,35992,16.03,85607.6
2,89131,2007,38650,16.03,80633.87
3,89131,2008,39105,16.03,74879.7
4,89131,2009,40242,16.03,73133.57
5,89131,2010,40423,16.03,71621.23
6,89131,2011,41583,16.03,72610.03
7,89131,2012,41950,16.03,72988.49
8,89131,2013,42390,16.03,75201.68
9,89131,2014,42860,16.03,77150.9
10,89131,2015,43720,16.03,79342.5
11,89131,2016,44760,16.03,82271.24
12,89131,2017,45660,16.03,90894.09
13,89131,2018,46080,16.03,87275.84
0,89134,2005,23438,6.63,157454.14
1,89134,2006,22824,6.63,156345.31
2,89134,2007,23737,6.63,135358.12
3,89134,2008,22811,6.63,124604.25
4,89134,2009,22066,6.63,104266.87
5,89134,2010,22167,6.63,168928.98
6,89134,2011,22246,6.63,119375.46
7,89134,2012,22290,6.63,120677.35
8,89134,2013,22090,6.63,115664.69
9,89134,2014,21660,6.63,122992.37
10,89134,2015,21920,6.63,126215.38
11,89134,2016,22070,6.63,151006.12
12,89134,2017,21920,6.63,142122.71
13,89134,2018,21890,6.63,141906.47
0,89135,2005,17923,45.59,158870.75
1,89135,2006,18457,45.59,175902.6
2,89135,2007,20256,45.59,159112.43
3,89135,2008,20766,45.59,145079.08
4,89135,2009,21209,45.59,123767.11
5,89135,2010,21782,45.59,133057.38
6,89135,2011,22794,45.59,126176.47
7,89135,2012,24140,45.59,148307.91
8,89135,2013,24620,45.59,162782.58
9,89135,2014,24930,45.59,165658.13
10,89135,2015,25450,45.59,180586.46
11,89135,2016,26610,45.59,189474.16
12,89135,2017,27270,45.59,203537.89
13,89135,2018,27740,45.59,249700.33
0,89138,2005,8429,4.21,122950.84
1,89138,2006,8914,4.21,118758.7
2,89138,2007,9666,4.21,132712.81
3,89138,2008,10058,4.21,101110.61
4,89138,2009,10382,4.21,99906.89
5,89138,2010,10685,4.21,98851.82
6,89138,2011,11435,4.21,103567.61
7,89138,2012,11460,4.21,110423.56
8,89138,2013,12220,4.21,112041.29
9,89138,2014,12660,4.21,121749.83
10,89138,2015,13650,4.21,127894.2
11,89138,2016,15200,4.21,132639.48
12,89138,2017,16770,4.21,145990.18
13,89138,2018,18300,4.21,174782.11
0,89139,2005,21393,10.59,54639.73
1,89139,2006,23757,10.59,55262.47
2,89139,2007,25955,10.59,55892.74
3,89139,2008,26324,10.59,54379.53
4,89139,2009,28258,10.59,51903.33
5,89139,2010,29793,10.59,48736.73
6,89139,2011,30797,10.59,50443.25
7,89139,2012,32820,10.59,52395.14
8,89139,2013,34340,10.59,52000.95
9,89139,2014,35480,10.59,54104.44
10,89139,2015,37340,10.59,56550.99
11,89139,2016,38760,10.59,56762.62
12,89139,2017,40420,10.59,59267.68
13,89139,2018,41100,10.59,61364.38
0,89141,2005,16447,10.69,111457.36
1,89141,2006,17653,10.69,103608.63
2,89141,2007,19918,10.69,97224.29
3,89141,2008,20400,10.69,84546.82
4,89141,2009,21731,10.69,112081.07
5,89141,2010,22454,10.69,82277.49
6,89141,2011,23224,10.69,86205.98
7,89141,2012,24140,10.69,98183.62
8,89141,2013,25110,10.69,86652.67
9,89141,2014,26140,10.69,90400.99
10,89141,2015,27380,10.69,110258.66
11,89141,2016,28500,10.69,101665.46
12,89141,2017,30200,10.69,114994.93
13,89141,2018,32500,10.69,109848.55
0,89142,2005,28309,4.76,38303.92
1,89142,2006,29202,4.76,39939.85
2,89142,2007,31688,4.76,39381.62
3,89142,2008,31583,4.76,39726.41
4,89142,2009,33025,4.76,37238.09
5,89142,2010,32569,4.76,36208.54
6,89142,2011,32751,4.76,36118.44
7,89142,2012,32690,4.76,36121.46
8,89142,2013,33290,4.76,35963.11
9,89142,2014,33850,4.76,36316.14
10,89142,2015,33860,4.76,37078.81
11,89142,2016,33950,4.76,36955.64
12,89142,2017,34570,4.76,38176.22
13,89142,2018,33420,4.76,39634.97
0,89143,2005,10547,3.42,60072.25
1,89143,2006,10468,3.42,63041.43
2,89143,2007,10951,3.42,61487.95
3,89143,2008,10758,3.42,65047.46
4,89143,2009,11024,3.42,62706.71
5,89143,2010,11025,3.42,60518.73
6,89143,2011,11650,3.42,58943.41
7,89143,2012,11900,3.42,59990.23
8,89143,2013,11980,3.42,61252.43
9,89143,2014,12270,3.42,61398.74
10,89143,2015,12420,3.42,66822.16
11,89143,2016,12140,3.42,64845.26
12,89143,2017,12390,3.42,66867.93
13,89143,2018,12020,3.42,69440.0
0,89144,2005,17168,3.93,131761.92
1,89144,2006,16808,3.93,134521.49
2,89144,2007,17246,3.93,138661.42
3,89144,2008,16737,3.93,115737.04
4,89144,2009,16913,3.93,106503.4
5,89144,2010,17478,3.93,104324.77
6,89144,2011,17389,3.93,109342.75
7,89144,2012,17630,3.93,118918.35
8,89144,2013,17440,3.93,117892.5
9,89144,2014,17570,3.93,118037.56
10,89144,2015,17530,3.93,128614.75
11,89144,2016,17440,3.93,129828.1
12,89144,2017,17530,3.93,131018.47
13,89144,2018,17500,3.93,149057.78
0,89145,2005,21218,4.61,104588.35
1,89145,2006,21302,4.61,92764.99
2,89145,2007,22418,4.61,94927.31
3,89145,2008,21360,4.61,78963.4
4,89145,2009,21683,4.61,70900.03
5,89145,2010,22226,4.61,78391.0
6,89145,2011,21844,4.61,74214.37
7,89145,2012,21730,4.61,84384.86
8,89145,2013,21640,4.61,100807.7
9,89145,2014,21650,4.61,98521.0
10,89145,2015,21750,4.61,116466.36
11,89145,2016,21780,4.61,137640.74
12,89145,2017,21550,4.61,122294.49
13,89145,2018,21910,4.61,122018.28
0,89146,2005,15274,4.79,58265.81
1,89146,2006,15504,4.79,66121.75
2,89146,2007,17009,4.79,56081.18
3,89146,2008,17140,4.79,51981.78
4,89146,2009,17777,4.79,46179.51
5,89146,2010,17957,4.79,44722.16
6,89146,2011,17766,4.79,46063.32
7,89146,2012,17340,4.79,47828.46
8,89146,2013,17680,4.79,47365.14
9,89146,2014,17650,4.79,46493.5
10,89146,2015,17870,4.79,53302.27
11,89146,2016,17000,4.79,49601.66
12,89146,2017,17010,4.79,51105.06
13,89146,2018,16340,4.79,55768.74
0,89147,2005,42226,7.42,63807.03
1,89147,2006,41804,7.42,65113.67
2,89147,2007,44409,7.42,52367.17
3,89147,2008,43198,7.42,49695.49
4,89147,2009,44794,7.42,45288.24
5,89147,2010,45545,7.42,46377.24
6,89147,2011,46142,7.42,45186.79
7,89147,2012,46160,7.42,48851.58
8,89147,2013,47140,7.42,48712.2
9,89147,2014,47460,7.42,48355.81
10,89147,2015,47300,7.42,49824.29
11,89147,2016,47690,7.42,49809.9
12,89147,2017,48230,7.42,51817.07
13,89147,2018,48020,7.42,53894.99
0,89148,2005,27450,12.32,62736.3
1,89148,2006,29479,12.32,61362.33
2,89148,2007,32417,12.32,63590.3
3,89148,2008,33752,12.32,62293.67
4,89148,2009,36011,12.32,58361.52
5,89148,2010,37996,12.32,65577.67
6,89148,2011,39214,12.32,56361.55
7,89148,2012,39970,12.32,62057.05
8,89148,2013,40700,12.32,59678.83
9,89148,2014,41680,12.32,62878.14
10,89148,2015,43510,12.32,64202.07
11,89148,2016,47570,12.32,68865.33
12,89148,2017,51270,12.32,72664.34
13,89148,2018,52450,12.32,74016.7
0,89149,2005,21821,12.0,88559.76
1,89149,2006,23749,12.0,81263.0
2,89149,2007,25697,12.0,80967.9
3,89149,2008,25974,12.0,73158.49
4,89149,2009,26872,12.0,67578.74
5,89149,2010,27922,12.0,64826.8
6,89149,2011,29163,12.0,65901.67
7,89149,2012,30290,12.0,70916.39
8,89149,2013,30950,12.0,69520.38
9,89149,2014,31860,12.0,75197.9
10,89149,2015,33220,12.0,78683.63
11,89149,2016,35350,12.0,80281.57
12,89149,2017,36570,12.0,82767.66
13,89149,2018,37050,12.0,88138.88
0,89156,2005,23049,32.45,39167.06
1,89156,2006,23993,32.45,40480.34
2,89156,2007,25370,32.45,39559.95
3,89156,2008,24777,32.45,40939.93
4,89156,2009,25638,32.45,38248.62
5,89156,2010,25050,32.45,36955.83
6,89156,2011,25285,32.45,36246.84
7,89156,2012,24960,32.45,35718.5
8,89156,2013,25440,32.45,35670.02
9,89156,2014,25800,32.45,36298.6
10,89156,2015,25980,32.45,36553.21
11,89156,2016,26120,32.45,36706.03
12,89156,2017,26310,32.45,37773.79
13,89156,2018,25830,32.45,39386.43
0,89166,2005,1385,193.16,39604.43
1,89166,2006,2161,193.16,45677.98
2,89166,2007,4796,193.16,52981.6
3,89166,2008,6459,193.16,55444.7
4,89166,2009,7882,193.16,53717.79
5,89166,2010,9436,193.16,54139.2
6,89166,2011,11022,193.16,53238.5
7,89166,2012,12990,193.16,56453.15
8,89166,2013,15040,193.16,59195.28
9,89166,2014,16330,193.16,61262.18
10,89166,2015,18190,193.16,65193.05
11,89166,2016,20360,193.16,66681.87
12,89166,2017,21900,193.16,71252.59
13,89166,2018,23160,193.16,75279.37
0,89178,2005,9898,19.11,59661.32
1,89178,2006,16010,19.11,57009.53
2,89178,2007,20633,19.11,57811.69
3,89178,2008,21692,19.11,59644.46
4,89178,2009,24242,19.11,59122.41
5,89178,2010,25493,19.11,56785.85
6,89178,2011,27124,19.11,57550.02
7,89178,2012,28650,19.11,58750.62
8,89178,2013,30260,19.11,60317.67
9,89178,2014,31460,19.11,62211.43
10,89178,2015,32590,19.11,64054.84
11,89178,2016,33960,19.11,65394.31
12,89178,2017,35650,19.11,65669.37
13,89178,2018,37000,19.11,68870.0
0,89179,2005,530,119.15,52456.07
1,89179,2006,1246,119.15,53062.19
2,89179,2007,2307,119.15,55715.43
3,89179,2008,2720,119.15,59223.23
4,89179,2009,3241,119.15,56409.06
5,89179,2010,3546,119.15,56328.68
6,89179,2011,4421,119.15,56390.76
7,89179,2012,6060,119.15,58633.11
8,89179,2013,7120,119.15,60819.22
9,89179,2014,8010,119.15,65773.87
10,89179,2015,8710,119.15,67157.21
11,89179,2016,9850,119.15,68393.83
12,89179,2017,10320,119.15,69706.29
13,89179,2018,10570,119.15,72858.1
0,89183,2005,11602,7.01,54307.19
1,89183,2006,25027,7.01,48113.83
2,89183,2007,27755,7.01,47701.4
3,89183,2008,27449,7.01,49246.18
4,89183,2009,28306,7.01,48062.39
5,89183,2010,29556,7.01,48109.99
6,89183,2011,30705,7.01,48051.29
7,89183,2012,30560,7.01,49535.24
8,89183,2013,31330,7.01,49911.45
9,89183,2014,32200,7.01,51067.59
10,89183,2015,32580,7.01,53022.24
11,89183,2016,32520,7.01,53456.66
12,89183,2017,33220,7.01,55229.58
13,89183,2018,34470,7.01,57946.69
0,89701,2005,21686,33.31,46813.26
1,89701,2006,21481,33.31,46740.73
2,89701,2007,22875,33.31,44693.88
3,89701,2008,21711,33.31,46305.19
4,89701,2009,21720,33.31,45369.25
5,89701,2010,21349,33.31,46073.71
6,89701,2011,21748,33.31,45397.36
7,89701,2012,21620,33.31,47606.04
8,89701,2013,21980,33.31,48221.19
9,89701,2014,21820,33.31,49680.82
10,89701,2015,21920,33.31,51852.46
11,89701,2016,22210,33.31,52413.84
12,89701,2017,22560,33.31,56008.63
13,89701,2018,22840,33.31,57100.08
0,89703,2005,8938,25.39,82174.14
1,89703,2006,8628,25.39,85324.94
2,89703,2007,9086,25.39,81403.93
3,89703,2008,8691,25.39,78650.18
4,89703,2009,8599,25.39,77344.56
5,89703,2010,8603,25.39,80217.72
6,89703,2011,8720,25.39,74893.19
7,89703,2012,8640,25.39,78324.74
8,89703,2013,8500,25.39,79147.91
9,89703,2014,8590,25.39,82061.28
10,89703,2015,8640,25.39,85047.14
11,89703,2016,8660,25.39,91428.69
12,89703,2017,8950,25.39,92259.92
13,89703,2018,9050,25.39,95791.3
0,89704,2005,3967,76.56,85658.74
1,89704,2006,3841,76.56,92419.69
2,89704,2007,4067,76.56,107727.28
3,89704,2008,3840,76.56,87620.72
4,89704,2009,3818,76.56,85839.7
5,89704,2010,3770,76.56,90333.33
6,89704,2011,3776,76.56,86535.33
7,89704,2012,3700,76.56,94942.0
8,89704,2013,3730,76.56,96267.68
9,89704,2014,3660,76.56,103559.9
10,89704,2015,3770,76.56,108304.9
11,89704,2016,3770,76.56,106094.2
12,89704,2017,3800,76.56,130391.08
13,89704,2018,3960,76.56,132864.06
0,89705,2005,4573,43.16,55870.62
1,89705,2006,4497,43.16,53246.75
2,89705,2007,4792,43.16,48960.09
3,89705,2008,4607,43.16,49428.08
4,89705,2009,4590,43.16,49426.17
5,89705,2010,4641,43.16,50441.76
6,89705,2011,4681,43.16,52451.81
7,89705,2012,4710,43.16,52973.98
8,89705,2013,4570,43.16,53850.63
9,89705,2014,4570,43.16,56160.58
10,89705,2015,4660,43.16,59620.97
11,89705,2016,4620,43.16,56519.43
12,89705,2017,4740,43.16,59724.61
13,89705,2018,4820,43.16,63805.68
0,89706,2005,16579,31.69,40500.59
1,89706,2006,16546,31.69,41364.63
2,89706,2007,17815,31.69,39351.31
3,89706,2008,16498,31.69,40753.13
4,89706,2009,16491,31.69,40399.45
5,89706,2010,16470,31.69,41816.51
6,89706,2011,16444,31.69,40072.53
7,89706,2012,16170,31.69,40485.65
8,89706,2013,16240,31.69,40859.05
9,89706,2014,16490,31.69,42753.02
10,89706,2015,16520,31.69,43230.45
11,89706,2016,16750,31.69,44364.42
12,89706,2017,16980,31.69,47589.97
13,89706,2018,17150,31.69,49556.86
0,89801,2005,18336,1742.84,49385.8
1,89801,2006,18098,1742.84,53435.14
2,89801,2007,19485,1742.84,53507.68
3,89801,2008,19495,1742.84,57456.55
4,89801,2009,20501,1742.84,58989.07
5,89801,2010,20912,1742.84,59087.86
6,89801,2011,22170,1742.84,60871.79
7,89801,2012,22970,1742.84,62230.28
8,89801,2013,22770,1742.84,64004.03
9,89801,2014,22700,1742.84,65765.55
10,89801,2015,22870,1742.84,67514.63
11,89801,2016,22630,1742.84,68519.94
12,89801,2017,22430,1742.84,69722.27
13,89801,2018,22650,1742.84,71896.15
0,89815,2005,11528,629.5,56316.08
1,89815,2006,11609,629.5,62574.69
2,89815,2007,12117,629.5,64689.66
3,89815,2008,12154,629.5,70066.76
4,89815,2009,12466,629.5,69464.48
5,89815,2010,12825,629.5,71620.83
6,89815,2011,13381,629.5,75889.37
7,89815,2012,13870,629.5,74591.9
8,89815,2013,13980,629.5,78153.17
9,89815,2014,13810,629.5,78909.0
10,89815,2015,13990,629.5,81804.81
11,89815,2016,14270,629.5,81932.01
12,89815,2017,14620,629.5,86050.15
13,89815,2018,14750,629.5,86488.08
0,89403,2005,12722,201.6,49778.68
1,89403,2006,12880,201.6,48474.91
2,89403,2007,13775,201.6,50629.57
3,89403,2008,13450,201.6,49164.9
4,89403,2009,13079,201.6,47803.07
5,89403,2010,13063,201.6,48689.7
6,89403,2011,13193,201.6,50592.88
7,89403,2012,13300,201.6,50398.18
8,89403,2013,13390,201.6,49143.8
9,89403,2014,13570,201.6,50355.05
10,89403,2015,13820,201.6,51988.05
11,89403,2016,14560,201.6,54505.5
12,89403,2017,15010,201.6,56167.31
13,89403,2018,15380,201.6,59473.33
0,89408,2005,17428,148.42,49377.32
1,89408,2006,17911,148.42,48147.01
2,89408,2007,18679,148.42,45163.68
3,89408,2008,17990,148.42,46645.68
4,89408,2009,18028,148.42,45196.59
5,89408,2010,17836,148.42,44966.2
6,89408,2011,17717,148.42,45176.92
7,89408,2012,17840,148.42,45360.42
8,89408,2013,18040,148.42,46700.0
9,89408,2014,18020,148.42,47451.89
10,89408,2015,18320,148.42,49201.92
11,89408,2016,18740,148.42,50285.46
12,89408,2017,19510,148.42,52078.34
13,89408,2018,20250,148.42,55299.71
0,89410,2005,10501,173.97,58775.42
1,89410,2006,10111,173.97,59227.82
2,89410,2007,10744,173.97,60073.41
3,89410,2008,10075,173.97,58506.93
4,89410,2009,9888,173.97,54964.06
5,89410,2010,9696,173.97,55183.97
6,89410,2011,9708,173.97,59980.09
7,89410,2012,9740,173.97,59946.5
8,89410,2013,9760,173.97,58554.25
9,89410,2014,9800,173.97,62969.81
10,89410,2015,10120,173.97,64991.85
11,89410,2016,10050,173.97,66949.54
12,89410,2017,10240,173.97,70004.65
13,89410,2018,10320,173.97,82126.66
0,89413,2005,338,15.79,1070282.72
1,89413,2006,336,15.79,854194.87
2,89413,2007,330,15.79,623038.52
3,89413,2009,314,15.79,403245.99
4,89413,2010,305,15.79,683407.82
5,89413,2011,310,15.79,621917.13
6,89413,2012,370,15.79,618933.33
7,89413,2013,330,15.79,489515.79
8,89413,2014,290,15.79,936244.44
9,89413,2015,310,15.79,832468.75
10,89413,2016,310,15.79,484222.22
11,89413,2017,340,15.79,623400.0
12,89413,2018,320,15.79,674084.21
0,89423,2005,11248,69.26,73286.69
1,89423,2006,10891,69.26,75875.69
2,89423,2007,11496,69.26,75505.03
3,89423,2008,11038,69.26,71897.57
4,89423,2009,11038,69.26,67199.04
5,89423,2010,10904,69.26,82491.78
6,89423,2011,11062,69.26,67875.28
7,89423,2012,11050,69.26,73894.32
8,89423,2013,10980,69.26,78220.38
9,89423,2014,10810,69.26,76969.04
10,89423,2015,10890,69.26,82322.72
11,89423,2016,11070,69.26,77332.45
12,89423,2017,11030,69.26,83584.21
13,89423,2018,11350,69.26,88434.93
0,89429,2005,6131,168.47,35801.0
1,89429,2006,6488,168.47,36086.24
2,89429,2007,7040,168.47,33388.43
3,89429,2008,6210,168.47,36659.63
4,89429,2009,5962,168.47,35630.51
5,89429,2010,5746,168.47,36482.53
6,89429,2011,5581,168.47,37740.96
7,89429,2012,5530,168.47,36961.23
8,89429,2013,5530,168.47,38890.25
9,89429,2014,5400,168.47,38334.91
10,89429,2015,5440,168.47,39248.18
11,89429,2016,5550,168.47,39558.39
12,89429,2017,5850,168.47,42531.56
13,89429,2018,6100,168.47,44920.25
0,89431,2005,31177,9.67,35601.35
1,89431,2006,31281,9.67,37501.22
2,89431,2007,33499,9.67,34082.75
3,89431,2008,31913,9.67,35311.92
4,89431,2009,32276,9.67,32841.88
5,89431,2010,32800,9.67,33076.2
6,89431,2011,33284,9.67,32450.37
7,89431,2012,33930,9.67,32797.32
8,89431,2013,34090,9.67,34006.65
9,89431,2014,34080,9.67,35379.25
10,89431,2015,34610,9.67,36985.92
11,89431,2016,34080,9.67,38811.94
12,89431,2017,34540,9.67,40949.31
13,89431,2018,34450,9.67,43216.43
0,89433,2005,17949,15.53,33759.67
1,89433,2006,18121,15.53,34624.81
2,89433,2007,19456,15.53,32500.63
3,89433,2008,18369,15.53,33663.28
4,89433,2009,18313,15.53,32828.26
5,89433,2010,17932,15.53,32289.2
6,89433,2011,18089,15.53,32015.07
7,89433,2012,18230,15.53,32441.86
8,89433,2013,18600,15.53,32877.5
9,89433,2014,18810,15.53,33521.0
10,89433,2015,19080,15.53,34332.31
11,89433,2016,19460,15.53,35459.98
12,89433,2017,19400,15.53,37069.86
13,89433,2018,19360,15.53,39509.95
0,89434,2005,22671,29.92,49832.89
1,89434,2006,22071,29.92,50372.8
2,89434,2007,23359,29.92,48865.34
3,89434,2008,22432,29.92,49410.86
4,89434,2009,22640,29.92,46292.95
5,89434,2010,22506,29.92,47181.36
6,89434,2011,22711,29.92,47053.89
7,89434,2012,22610,29.92,47552.9
8,89434,2013,22890,29.92,48989.3
9,89434,2014,23210,29.92,49869.26
10,89434,2015,23580,29.92,51527.53
11,89434,2016,23400,29.92,52909.56
12,89434,2017,23720,29.92,60744.14
13,89434,2018,24390,29.92,66588.51
0,89436,2005,35403,40.76,66990.29
1,89436,2006,31685,40.76,71386.22
2,89436,2007,33888,40.76,68997.56
3,89436,2008,33805,40.76,65706.21
4,89436,2009,34318,40.76,64546.12
5,89436,2010,34688,40.76,64325.97
6,89436,2011,35434,40.76,64086.14
7,89436,2012,36180,40.76,65795.03
8,89436,2013,36930,40.76,66657.99
9,89436,2014,37440,40.76,69390.93
10,89436,2015,38580,40.76,71510.9
11,89436,2016,40190,40.76,74176.94
12,89436,2017,41740,40.76,75733.4
13,89436,2018,42980,40.76,79847.64
0,89439,2005,1571,14.58,108765.61
1,89439,2006,1542,14.58,107547.65
2,89439,2007,1601,14.58,94274.73
3,89439,2008,1487,14.58,85576.96
4,89439,2016,1410,14.58,95772.29
5,89439,2018,1710,14.58,167388.66
0,89441,2005,4484,41.5,72283.74
1,89441,2006,9848,41.5,70826.91
2,89441,2007,10598,41.5,69127.78
3,89441,2008,10628,41.5,65721.02
4,89441,2009,10786,41.5,64303.94
5,89441,2010,10956,41.5,66423.45
6,89441,2011,10980,41.5,66996.7
7,89441,2012,11120,41.5,71593.94
8,89441,2013,11210,41.5,70940.85
9,89441,2014,11120,41.5,73393.57
10,89441,2015,11460,41.5,78006.45
11,89441,2016,12000,41.5,80404.05
12,89441,2017,12550,41.5,87087.94
13,89441,2018,13130,41.5,90329.05
0,89444,2005,2413,295.86,53437.3
1,89444,2006,2313,295.86,51182.62
2,89444,2007,2590,295.86,47644.68
3,89444,2008,2373,295.86,50823.6
4,89444,2009,2291,295.86,46831.97
5,89444,2010,2212,295.86,47100.43
6,89444,2011,2239,295.86,47891.71
7,89444,2012,2250,295.86,48389.17
8,89444,2013,2190,295.86,50672.88
9,89444,2014,2200,295.86,54944.54
10,89444,2015,2220,295.86,55572.73
11,89444,2016,2280,295.86,55606.5
12,89444,2017,2420,295.86,59165.65
13,89444,2018,2390,295.86,64288.46
0,89447,2005,6981,762.73,41976.86
1,89447,2006,6865,762.73,43242.04
2,89447,2007,7477,762.73,42204.2
3,89447,2008,6777,762.73,42293.32
4,89447,2009,6641,762.73,40876.09
5,89447,2010,6704,762.73,50148.26
6,89447,2011,6657,762.73,42015.18
7,89447,2012,8020,762.73,40670.42
8,89447,2013,8700,762.73,36602.38
9,89447,2014,8960,762.73,40013.51
10,89447,2015,9380,762.73,37668.69
11,89447,2016,9490,762.73,41776.8
12,89447,2017,9900,762.73,41604.78
13,89447,2018,9770,762.73,42898.99
0,89451,2005,3380,25.3,330235.39
1,89451,2006,3283,25.3,527912.09
2,89451,2007,3302,25.3,487327.43
3,89451,2008,3463,25.3,293637.21
4,89451,2009,3591,25.3,286513.62
5,89451,2010,3800,25.3,340221.74
6,89451,2011,3891,25.3,398196.78
7,89451,2012,4120,25.3,885803.07
8,89451,2013,4280,25.3,359548.09
9,89451,2014,4270,25.3,523774.9
10,89451,2015,4430,25.3,381753.04
11,89451,2016,4460,25.3,427132.28
12,89451,2017,4550,25.3,481818.46
13,89451,2018,4640,25.3,551909.89
0,89460,2005,10839,54.21,63369.99
1,89460,2006,10646,54.21,63606.7
2,89460,2007,11337,54.21,60161.41
3,89460,2008,10713,54.21,58626.56
4,89460,2009,10992,54.21,56598.5
5,89460,2010,11014,54.21,57419.15
6,89460,2011,11056,54.21,56219.41
7,89460,2012,11130,54.21,60270.3
8,89460,2013,11230,54.21,58498.79
9,89460,2014,11170,54.21,64892.96
10,89460,2015,11290,54.21,70532.38
11,89460,2016,11620,54.21,69040.03
12,89460,2017,11800,54.21,75661.61
13,89460,2018,11680,54.21,85466.14
0,89501,2005,4150,0.63,50769.1
1,89501,2006,2498,0.63,65860.89
2,89501,2007,2948,0.63,61586.37
3,89501,2008,2375,0.63,65046.99
4,89501,2009,2252,0.63,57986.38
5,89501,2010,2332,0.63,59343.75
6,89501,2011,2290,0.63,56988.44
7,89501,2012,2440,0.63,70049.22
8,89501,2013,2830,0.63,58747.62
9,89501,2014,2460,0.63,78137.63
10,89501,2015,2560,0.63,76174.87
11,89501,2016,2810,0.63,89276.33
12,89501,2017,3030,0.63,87710.57
13,89501,2018,2980,0.63,92171.05
0,89502,2005,37548,22.26,43081.53
1,89502,2006,38257,22.26,42446.26
2,89502,2007,41142,22.26,39422.53
3,89502,2008,39050,22.26,39098.04
4,89502,2009,39315,22.26,36478.77
5,89502,2010,39767,22.26,36844.45
6,89502,2011,40835,22.26,36266.81
7,89502,2012,40090,22.26,37562.45
8,89502,2013,41140,22.26,36554.62
9,89502,2014,40950,22.26,37731.94
10,89502,2015,40860,22.26,39003.29
11,89502,2016,40340,22.26,40396.2
12,89502,2017,40170,22.26,44323.25
13,89502,2018,39180,22.26,47067.35
0,89503,2005,20071,6.49,42616.7
1,89503,2006,19407,6.49,42327.31
2,89503,2007,20715,6.49,41135.03
3,89503,2008,19176,6.49,41585.0
4,89503,2009,19356,6.49,40622.08
5,89503,2010,19443,6.49,40617.0
6,89503,2011,19603,6.49,41188.25
7,89503,2012,19500,6.49,42018.79
8,89503,2013,19300,6.49,42172.89
9,89503,2014,19550,6.49,44479.25
10,89503,2015,20040,6.49,45429.22
11,89503,2016,19730,6.49,47125.99
12,89503,2017,20140,6.49,49940.14
13,89503,2018,20360,6.49,54854.48
0,89506,2005,41934,94.52,44079.24
1,89506,2006,43656,94.52,45848.31
2,89506,2007,36979,94.52,42747.87
3,89506,2008,35576,94.52,44255.81
4,89506,2009,34946,94.52,42642.08
5,89506,2010,34920,94.52,42253.47
6,89506,2011,34436,94.52,42120.11
7,89506,2012,34740,94.52,42452.2
8,89506,2013,34940,94.52,42206.65
9,89506,2014,35370,94.52,43813.67
10,89506,2015,36530,94.52,44718.82
11,89506,2016,36940,94.52,45925.75
12,89506,2017,38390,94.52,47918.27
13,89506,2018,38640,94.52,51029.92
0,89508,2006,509,159.59,49530.86
1,89508,2007,9719,159.59,51672.12
2,89508,2008,9631,159.59,54188.48
3,89508,2009,10046,159.59,53788.88
4,89508,2010,10254,159.59,54765.9
5,89508,2011,10344,159.59,53573.46
6,89508,2012,10430,159.59,54543.64
7,89508,2013,10480,159.59,54109.65
8,89508,2014,10570,159.59,56593.76
9,89508,2015,10740,159.59,57139.51
10,89508,2016,11320,159.59,58081.51
11,89508,2017,11770,159.59,62383.31
12,89508,2018,11890,159.59,64177.56
0,89509,2005,31396,8.95,89106.23
1,89509,2006,28115,8.95,96077.83
2,89509,2007,29555,8.95,91625.63
3,89509,2008,28425,8.95,87783.85
4,89509,2009,27787,8.95,77766.98
5,89509,2010,28064,8.95,78184.86
6,89509,2011,28286,8.95,78207.34
7,89509,2012,28550,8.95,75333.27
8,89509,2013,28620,8.95,73688.43
9,89509,2014,28570,8.95,79451.32
10,89509,2015,29130,8.95,79744.38
11,89509,2016,29570,8.95,89145.72
12,89509,2017,29910,8.95,91067.66
13,89509,2018,30020,8.95,104142.7
0,89510,2005,3060,1034.25,106337.19
1,89510,2006,3060,1034.25,79392.8
2,89510,2007,3500,1034.25,98553.25
3,89510,2008,3292,1034.25,74294.72
4,89510,2009,3189,1034.25,60441.23
5,89510,2010,3181,1034.25,64091.37
6,89510,2011,3164,1034.25,65216.87
7,89510,2012,2990,1034.25,75415.79
8,89510,2013,2910,1034.25,68750.6
9,89510,2014,2720,1034.25,73400.0
10,89510,2015,2740,1034.25,70871.79
11,89510,2016,2880,1034.25,78320.99
12,89510,2017,2840,1034.25,78710.49
13,89510,2018,2730,1034.25,89206.96
0,89511,2005,24814,149.04,153672.82
1,89511,2006,24211,149.04,153843.6
2,89511,2007,25401,149.04,174507.61
3,89511,2008,24864,149.04,124019.16
4,89511,2009,24736,149.04,116034.25
5,89511,2010,25171,149.04,130085.45
6,89511,2011,25819,149.04,125568.24
7,89511,2012,26050,149.04,161177.44
8,89511,2013,25910,149.04,130544.56
9,89511,2014,25920,149.04,143992.29
10,89511,2015,26110,149.04,150068.82
11,89511,2016,26760,149.04,154728.19
12,89511,2017,27190,149.04,181625.9
13,89511,2018,27710,149.04,217426.48
0,89512,2005,18687,6.3,29669.31
1,89512,2006,18868,6.3,29494.99
2,89512,2007,20902,6.3,27303.16
3,89512,2008,19262,6.3,29397.05
4,89512,2009,19541,6.3,28766.85
5,89512,2010,19277,6.3,28618.91
6,89512,2011,19073,6.3,29135.4
7,89512,2012,19230,6.3,30171.66
8,89512,2013,19240,6.3,29666.26
9,89512,2014,19420,6.3,29536.7
10,89512,2015,19840,6.3,31276.4
11,89512,2016,20040,6.3,32079.15
12,89512,2017,20210,6.3,33296.34
13,89512,2018,20110,6.3,36268.63
0,89002,2005,12060,8.73,69071.22
1,89002,2006,26910,8.73,64991.99
2,89002,2007,29240,8.73,62038.85
3,89002,2008,28769,8.73,64024.47
4,89002,2009,29738,8.73,62819.88
5,89002,2010,30112,8.73,61348.8
6,89002,2011,30692,8.73,60617.79
7,89002,2012,30760,8.73,61736.81
8,89002,2013,30820,8.73,62820.71
9,89002,2014,31230,8.73,65365.46
10,89002,2015,31970,8.73,70817.08
11,89002,2016,33350,8.73,70831.39
12,89002,2017,34390,8.73,74261.69
13,89002,2018,34700,8.73,78528.66
0,89005,2005,13584,122.43,75942.56
1,89005,2006,13098,122.43,79017.86
2,89005,2007,14112,122.43,77930.7
3,89005,2008,13183,122.43,75779.66
4,89005,2009,13172,122.43,69111.54
5,89005,2010,12908,122.43,69051.16
6,89005,2011,12790,122.43,68434.52
7,89005,2012,12740,122.43,74589.73
8,89005,2013,12710,122.43,70594.67
9,89005,2014,12730,122.43,75033.53
10,89005,2015,12760,122.43,76866.81
11,89005,2016,12710,122.43,80068.98
12,89005,2017,12920,122.43,81658.64
13,89005,2018,12860,122.43,91416.99
0,89519,2005,5700,7.79,251060.45
1,89519,2006,7802,7.79,202871.38
2,89519,2007,7955,7.79,215144.11
3,89519,2008,7922,7.79,152384.86
4,89519,2009,7988,7.79,150870.75
5,89519,2010,8324,7.79,163038.36
6,89519,2011,8391,7.79,181984.54
7,89519,2012,8400,7.79,179862.08
8,89519,2013,8410,7.79,167688.05
9,89519,2014,8460,7.79,185607.39
10,89519,2015,8350,7.79,170263.1
11,89519,2016,8690,7.79,183939.37
12,89519,2017,8810,7.79,219958.09
13,89519,2018,8940,7.79,240281.09
0,89521,2005,18063,76.68,81648.96
1,89521,2006,19546,76.68,82101.6
2,89521,2007,21625,76.68,76979.57
3,89521,2008,22162,76.68,73345.67
4,89521,2009,23097,76.68,73169.1
5,89521,2010,23883,76.68,75810.13
6,89521,2011,24760,76.68,74098.36
7,89521,2012,25520,76.68,78217.34
8,89521,2013,26210,76.68,79743.04
9,89521,2014,26920,76.68,85288.27
10,89521,2015,28530,76.68,90603.8
11,89521,2016,30740,76.68,92131.58
12,89521,2017,32860,76.68,95749.38
13,89521,2018,34470,76.68,106769.39
0,89523,2005,25406,18.84,58176.71
1,89523,2006,24988,18.84,61506.94
2,89523,2007,26246,18.84,61194.2
3,89523,2008,26233,18.84,61962.95
4,89523,2009,26941,18.84,59468.51
5,89523,2010,27477,18.84,60935.29
6,89523,2011,28060,18.84,61405.21
7,89523,2012,28780,18.84,66799.03
8,89523,2013,29130,18.84,67039.3
9,89523,2014,29840,18.84,70168.63
10,89523,2015,30640,18.84,74034.87
11,89523,2016,30290,18.84,75244.2
12,89523,2017,30990,18.84,81685.5
13,89523,2018,31590,18.84,85711.76
0,89012,2005,24650,10.98,84959.71
1,89012,2006,25137,10.98,95271.13
2,89012,2007,26435,10.98,89718.39
3,89012,2008,25796,10.98,88202.67
4,89012,2009,26039,10.98,81175.69
5,89012,2010,26283,10.98,81596.0
6,89012,2011,27059,10.98,82017.37
7,89012,2012,27340,10.98,100084.1
8,89012,2013,28280,10.98,93428.68
9,89012,2014,28210,10.98,102472.16
10,89012,2015,29170,10.98,108968.92
11,89012,2016,30150,10.98,111089.77
12,89012,2017,30960,10.98,117911.26
13,89012,2018,31170,10.98,122004.62
0,89011,2005,6537,17.0,158876.54
1,89011,2006,14160,17.0,116863.98
2,89011,2007,16480,17.0,96109.62
3,89011,2008,17001,17.0,94158.88
4,89011,2009,18097,17.0,70339.51
5,89011,2010,18295,17.0,72660.1
6,89011,2011,18752,17.0,81790.54
7,89011,2012,20100,17.0,76748.56
8,89011,2013,20590,17.0,68552.55
9,89011,2014,21400,17.0,71444.59
10,89011,2015,22120,17.0,83086.64
11,89011,2016,24330,17.0,78343.5
12,89011,2017,26570,17.0,84090.52
13,89011,2018,28340,17.0,95937.71
0,89014,2005,33549,7.58,57134.53
1,89014,2006,31839,7.58,60622.89
2,89014,2007,33825,7.58,60894.44
3,89014,2008,34098,7.58,54441.56
4,89014,2009,34327,7.58,50592.38
5,89014,2010,33860,7.58,49611.14
6,89014,2011,33935,7.58,48645.05
7,89014,2012,33560,7.58,51923.92
8,89014,2013,33700,7.58,50751.14
9,89014,2014,34050,7.58,52637.33
10,89014,2015,34110,7.58,54929.27
11,89014,2016,34690,7.58,56366.79
12,89014,2017,36200,7.58,58603.82
13,89014,2018,36160,7.58,64269.25
0,89015,2005,58031,37.49,49801.25
1,89015,2006,36997,37.49,50636.62
2,89015,2007,38851,37.49,49034.1
3,89015,2008,35716,37.49,52474.7
4,89015,2009,35168,37.49,48891.56
5,89015,2010,34187,37.49,47366.4
6,89015,2011,33684,37.49,47427.62
7,89015,2012,33310,37.49,49866.79
8,89015,2013,33640,37.49,49349.2
9,89015,2014,33620,37.49,49646.26
10,89015,2015,34140,37.49,50954.19
11,89015,2016,34120,37.49,51333.79
12,89015,2017,34570,37.49,53026.96
13,89015,2018,34760,37.49,55119.44
0,89027,2005,8773,29.49,62205.37
1,89027,2006,9800,29.49,66407.79
2,89027,2007,10818,29.49,57424.8
3,89027,2008,10772,29.49,56628.45
4,89027,2009,10851,29.49,53389.91
5,89027,2010,11230,29.49,53662.49
6,89027,2011,11098,29.49,55903.07
7,89027,2012,11060,29.49,67243.76
8,89027,2013,11330,29.49,58504.84
9,89027,2014,11520,29.49,58332.99
10,89027,2015,11930,29.49,59770.66
11,89027,2016,12520,29.49,57629.31
12,89027,2017,13070,29.49,67711.09
13,89027,2018,13310,29.49,65603.33
0,89029,2005,5202,94.06,50811.97
1,89029,2006,5282,94.06,53731.55
2,89029,2007,5310,94.06,51057.21
3,89029,2008,4936,94.06,49892.86
4,89029,2009,4881,94.06,48403.91
5,89029,2010,5372,94.06,47625.76
6,89029,2011,5457,94.06,46189.24
7,89029,2012,5720,94.06,51564.55
8,89029,2013,5710,94.06,49312.69
9,89029,2014,5560,94.06,49143.29
10,89029,2015,5760,94.06,51326.33
11,89029,2016,5830,94.06,51557.64
12,89029,2017,6040,94.06,56416.62
13,89029,2018,6250,94.06,58350.67
0,89030,2005,47978,9.36,28544.96
1,89030,2006,51693,9.36,28233.97
2,89030,2007,56271,9.36,26660.59
3,89030,2008,55935,9.36,27888.74
4,89030,2009,57550,9.36,25264.55
5,89030,2010,55327,9.36,24548.24
6,89030,2011,55666,9.36,24785.42
7,89030,2012,51910,9.36,25009.94
8,89030,2013,51420,9.36,25109.21
9,89030,2014,52280,9.36,25530.78
10,89030,2015,51810,9.36,26478.3
11,89030,2016,49390,9.36,27476.46
12,89030,2017,48650,9.36,28617.22
13,89030,2018,45520,9.36,30298.94
0,89031,2005,53727,9.51,46884.65
1,89031,2006,56359,9.51,48631.94
2,89031,2007,60008,9.51,48206.85
3,89031,2008,59243,9.51,49853.54
4,89031,2009,60983,9.51,47914.5
5,89031,2010,60800,9.51,45995.8
6,89031,2011,61432,9.51,44795.9
7,89031,2012,61660,9.51,44873.42
8,89031,2013,63520,9.51,44437.23
9,89031,2014,63660,9.51,45841.59
10,89031,2015,65360,9.51,46601.39
11,89031,2016,65140,9.51,46970.39
12,89031,2017,66710,9.51,48685.97
13,89031,2018,66250,9.51,50036.81
0,89032,2005,34914,10.25,41915.3
1,89032,2006,36322,10.25,42806.13
2,89032,2007,38963,10.25,40504.7
3,89032,2008,38921,10.25,43243.5
4,89032,2009,40851,10.25,40234.02
5,89032,2010,40254,10.25,39026.38
6,89032,2011,41417,10.25,38549.98
7,89032,2012,41230,10.25,38342.93
8,89032,2013,41410,10.25,38148.11
9,89032,2014,41680,10.25,38429.74
10,89032,2015,42330,10.25,39375.98
11,89032,2016,42610,10.25,39785.72
12,89032,2017,42640,10.25,41050.31
13,89032,2018,42230,10.25,42671.37
0,89040,2005,3171,521.35,50057.08
1,89040,2006,3137,521.35,51175.18
2,89040,2007,3369,521.35,45512.99
3,89040,2008,3090,521.35,51712.34
4,89040,2009,2960,521.35,51942.68
5,89040,2010,2836,521.35,51877.01
6,89040,2011,2746,521.35,49811.88
7,89040,2012,2700,521.35,51034.15
8,89040,2013,2700,521.35,50344.54
9,89040,2014,2630,521.35,55374.56
10,89040,2015,2770,521.35,53844.63
11,89040,2016,2850,521.35,56125.0
12,89040,2017,2720,521.35,58536.67
13,89040,2018,2660,521.35,61162.81
0,89044,2005,6952,31.37,73728.34
1,89044,2006,9358,31.37,81437.37
2,89044,2007,11714,31.37,89287.23
3,89044,2008,12809,31.37,81212.96
4,89044,2009,13359,31.37,80260.26
5,89044,2010,14283,31.37,83305.01
6,89044,2011,15307,31.37,83821.42
7,89044,2012,15990,31.37,92449.11
8,89044,2013,16450,31.37,91962.08
9,89044,2014,16810,31.37,93801.59
10,89044,2015,18000,31.37,100438.45
11,89044,2016,20180,31.37,101065.15
12,89044,2017,22310,31.37,107312.92
13,89044,2018,24060,31.37,108834.88
0,89048,2005,14333,76.62,47389.71
1,89048,2006,14631,76.62,49299.34
2,89048,2007,16152,76.62,39673.94
3,89048,2008,14772,76.62,42374.6
4,89048,2009,14246,76.62,41411.87
5,89048,2010,14064,76.62,41901.29
6,89048,2011,13716,76.62,42842.62
7,89048,2012,13840,76.62,42516.67
8,89048,2013,14020,76.62,43103.74
9,89048,2014,13760,76.62,43561.1
10,89048,2015,14090,76.62,45686.89
11,89048,2016,14660,76.62,45392.09
12,89048,2017,15570,76.62,47880.74
13,89048,2018,15910,76.62,51376.99
0,89052,2005,40414,51.92,124994.3
1,89052,2006,40063,51.92,130289.26
2,89052,2007,42427,51.92,118890.7
3,89052,2008,42397,51.92,102293.97
4,89052,2009,42906,51.92,94094.58
5,89052,2010,44577,51.92,97889.35
6,89052,2011,46136,51.92,102905.88
7,89052,2012,47440,51.92,131015.81
8,89052,2013,48330,51.92,111174.49
9,89052,2014,48490,51.92,116411.58
10,89052,2015,48720,51.92,134795.31
11,89052,2016,49920,51.92,122967.5
12,89052,2017,51680,51.92,130526.74
13,89052,2018,52860,51.92,133886.9
0,89060,2005,7820,462.55,45027.68
1,89060,2006,7989,462.55,45127.15
2,89060,2007,8977,462.55,38362.56
3,89060,2008,8042,462.55,42166.47
4,89060,2009,7934,462.55,41292.29
5,89060,2010,7610,462.55,41067.39
6,89060,2011,7395,462.55,41324.77
7,89060,2012,7110,462.55,42430.71
8,89060,2013,7080,462.55,43005.68
9,89060,2014,6890,462.55,43051.66
10,89060,2015,6890,462.55,46339.67
11,89060,2016,6960,462.55,45665.42
12,89060,2017,7250,462.55,46769.41
13,89060,2018,7570,462.55,50119.12
0,89061,2005,3084,72.72,49555.94
1,89061,2006,3526,72.72,56402.07
2,89061,2007,3977,72.72,48966.23
3,89061,2008,3845,72.72,51309.44
4,89061,2009,3852,72.72,51799.67
5,89061,2010,3602,72.72,53318.71
6,89061,2011,3648,72.72,50580.24
7,89061,2012,3660,72.72,53955.19
8,89061,2013,3950,72.72,54013.33
9,89061,2014,3890,72.72,55286.01
10,89061,2015,3830,72.72,56727.41
11,89061,2016,4290,72.72,56568.0
12,89061,2017,4860,72.72,60066.15
13,89061,2018,5400,72.72,63526.74
0,89074,2005,42831,8.98,76421.44
1,89074,2006,41824,8.98,75060.17
2,89074,2007,43787,8.98,74231.01
3,89074,2008,42259,8.98,69332.81
4,89074,2009,43556,8.98,64853.14
5,89074,2010,43793,8.98,64970.74
6,89074,2011,43895,8.98,65028.5
7,89074,2012,43900,8.98,69885.55
8,89074,2013,44090,8.98,73760.6
9,89074,2014,44440,8.98,70491.59
10,89074,2015,44780,8.98,72629.49
11,89074,2016,45300,8.98,72895.86
12,89074,2017,46930,8.98,75232.13
13,89074,2018,47190,8.98,77973.44
0,89081,2005,17378,7.47,47091.75
1,89081,2006,21851,7.47,46410.73
2,89081,2007,25044,7.47,46052.07
3,89081,2008,26234,7.47,47004.17
4,89081,2009,27947,7.47,45038.46
5,89081,2010,28601,7.47,44093.1
6,89081,2011,29911,7.47,42961.1
7,89081,2012,30620,7.47,43077.22
8,89081,2013,31600,7.47,44514.43
9,89081,2014,32800,7.47,45226.58
10,89081,2015,33550,7.47,45744.31
11,89081,2016,34330,7.47,46178.29
12,89081,2017,35900,7.47,48144.26
13,89081,2018,36100,7.47,49184.34
0,89084,2005,14173,10.93,59938.58
1,89084,2006,16337,10.93,63661.13
2,89084,2007,18727,10.93,59925.83
3,89084,2008,19049,10.93,60684.56
4,89084,2009,20187,10.93,58903.7
5,89084,2010,20904,10.93,57644.85
6,89084,2011,22102,10.93,57354.54
7,89084,2012,22090,10.93,59883.7
8,89084,2013,22940,10.93,60382.72
9,89084,2014,23290,10.93,61202.53
10,89084,2015,24110,10.93,62362.49
11,89084,2016,24800,10.93,62909.17
12,89084,2017,25660,10.93,63582.15
13,89084,2018,27190,10.93,66156.08
0,89085,2005,1618,0.52,62998.53
1,89085,2006,2281,0.52,68777.66
2,89085,2007,2785,0.52,65570.95
3,89085,2008,2845,0.52,67039.06
4,89085,2009,3069,0.52,71304.48
5,89085,2010,3284,0.52,64924.95
6,89085,2011,3506,0.52,65106.43
7,89085,2012,3810,0.52,64846.06
8,89085,2013,4060,0.52,65796.0
9,89085,2014,4160,0.52,68901.14
10,89085,2015,4060,0.52,69753.71
11,89085,2016,3970,0.52,70034.3
12,89085,2017,3910,0.52,72325.29
13,89085,2018,3920,0.52,74334.46
0,89086,2005,2657,6.79,47985.52
1,89086,2006,3383,6.79,44771.79
2,89086,2007,3853,6.79,42144.1
3,89086,2008,4335,6.79,41769.29
4,89086,2009,4660,6.79,39699.67
5,89086,2010,4883,6.79,38097.54
6,89086,2011,4840,6.79,38921.55
7,89086,2012,4910,6.79,39054.08
8,89086,2013,5070,6.79,38798.35
9,89086,2014,5120,6.79,39770.28
10,89086,2015,5300,6.79,40995.77
11,89086,2016,5130,6.79,40703.97
12,89086,2017,5070,6.79,40943.36
13,89086,2018,5110,6.79,44926.92
